Linux 5.14.0-1044-oem (DaniilPC) 	12.09.2022 	_x86_64_	(16 CPU)

19:42:57      UID       PID   kB_rd/s   kB_wr/s kB_ccwr/s iodelay  Command
19:42:58     1000      9685      0,00  91136,00      0,00       0  ./297306 
19:42:59     1000      9685      0,00  91136,00      0,00       0  ./297306 
19:43:00     1000      9685      0,00 182272,00      0,00       0  ./297306 
19:43:01     1000      9685      0,00      0,00      0,00       0  ./297306 
19:43:02     1000      9685      0,00      0,00      0,00       0  ./297306 
19:43:03     1000      9685      0,00      0,00      0,00       0  ./297306 
19:43:04     1000      9685      0,00      0,00      0,00       0  ./297306 
19:43:05     1000      9685      0,00      0,00      0,00       0  ./297306 
19:43:06     1000      9685      0,00      0,00      0,00       0  ./297306 
19:43:07     1000      9685      0,00      0,00      0,00       0  ./297306 
19:43:08     1000      9685      0,00      0,00      0,00       0  ./297306 
19:43:09     1000      9685      0,00      0,00      0,00       0  ./297306 
19:43:10     1000      9685      0,00      0,00      0,00       0  ./297306 
19:43:11     1000      9685      0,00      0,00      0,00       0  ./297306 
19:43:12     1000      9685      0,00      0,00      0,00       0  ./297306 
19:43:13     1000      9685      0,00      0,00      0,00       0  ./297306 
19:43:14     1000      9685      0,00      0,00      0,00       0  ./297306 
19:43:15     1000      9685      0,00      0,00      0,00       0  ./297306 
19:43:16     1000      9685      0,00      0,00      0,00       0  ./297306 
19:43:17     1000      9685      0,00      0,00      0,00       0  ./297306 
19:43:18     1000      9685      0,00  91136,00      0,00       0  ./297306 
19:43:19     1000      9685      0,00  91136,00      0,00       0  ./297306 
19:43:20     1000      9685      0,00  91136,00      0,00       0  ./297306 
19:43:21     1000      9685      0,00 182272,00      0,00       0  ./297306 
19:43:22     1000      9685      0,00      0,00      0,00       0  ./297306 
19:43:23     1000      9685      0,00  72932,00      0,00       0  ./297306 
19:43:24     1000      9685      0,00  18204,00      0,00       0  ./297306 
19:43:25     1000      9685      0,00      0,00      0,00       0  ./297306 
19:43:26     1000      9685      0,00      0,00      0,00       0  ./297306 
19:43:27     1000      9685      0,00      0,00      0,00       0  ./297306 
19:43:28     1000      9685      0,00      0,00      0,00       0  ./297306 
19:43:29     1000      9685      0,00      0,00      0,00       0  ./297306 
19:43:30     1000      9685      0,00      0,00      0,00       0  ./297306 
19:43:31     1000      9685      0,00      0,00      0,00       0  ./297306 
19:43:32     1000      9685      0,00      0,00      0,00       0  ./297306 
19:43:33     1000      9685      0,00      0,00      0,00       0  ./297306 
19:43:34     1000      9685      0,00      0,00      0,00       0  ./297306 
19:43:35     1000      9685      0,00      0,00      0,00       0  ./297306 
19:43:36     1000      9685      0,00      0,00      0,00       0  ./297306 
19:43:37     1000      9685      0,00      0,00      0,00       0  ./297306 
19:43:38     1000      9685      0,00      0,00      0,00       0  ./297306 
19:43:39     1000      9685      0,00      0,00      0,00       0  ./297306 
19:43:40     1000      9685      0,00  91136,00      0,00       0  ./297306 
19:43:41     1000      9685      0,00  91136,00      0,00       0  ./297306 
19:43:42     1000      9685      0,00  91136,00      0,00       0  ./297306 
19:43:43     1000      9685      0,00  91136,00      0,00       0  ./297306 
19:43:44     1000      9685      0,00  56668,00      0,00       0  ./297306 
19:43:45     1000      9685      0,00 125604,00      0,00       0  ./297306 
19:43:46     1000      9685      0,00      0,00      0,00       0  ./297306 
19:43:47     1000      9685      0,00      0,00      0,00       0  ./297306 
19:43:48     1000      9685      0,00      0,00      0,00       0  ./297306 
19:43:49     1000      9685      0,00      0,00      0,00       0  ./297306 
19:43:50     1000      9685      0,00      0,00      0,00       0  ./297306 
19:43:51     1000      9685      0,00      0,00      0,00       0  ./297306 
19:43:52     1000      9685      0,00      0,00      0,00       0  ./297306 
19:43:53     1000      9685      0,00      0,00      0,00       0  ./297306 
19:43:54     1000      9685      0,00      0,00      0,00       0  ./297306 
19:43:55     1000      9685      0,00      0,00      0,00       0  ./297306 
19:43:56     1000      9685      0,00      0,00      0,00       0  ./297306 
19:43:57     1000      9685      0,00      0,00      0,00       0  ./297306 
19:43:58     1000      9685      0,00      0,00      0,00       0  ./297306 
19:43:59     1000      9685      0,00      0,00      0,00       0  ./297306 
19:44:00     1000      9685      0,00      0,00      0,00       0  ./297306 
19:44:01     1000      9685      0,00      0,00      0,00       0  ./297306 
19:44:02     1000      9685      0,00 182272,00      0,00       0  ./297306 
19:44:03     1000      9685      0,00      0,00      0,00       0  ./297306 
19:44:04     1000      9685      0,00  91136,00      0,00       0  ./297306 
19:44:05     1000      9685      0,00  91136,00      0,00       0  ./297306 
19:44:06     1000      9685      0,00  91136,00      0,00       0  ./297306 
19:44:07     1000      9685      0,00  91136,00      0,00       0  ./297306 
19:44:08     1000      9685      0,00      0,00      0,00       0  ./297306 
19:44:09     1000      9685      0,00      0,00      0,00       0  ./297306 
19:44:10     1000      9685      0,00      0,00      0,00       0  ./297306 
19:44:11     1000      9685      0,00      0,00      0,00       0  ./297306 
19:44:12     1000      9685      0,00      0,00      0,00       0  ./297306 
19:44:13     1000      9685      0,00      0,00      0,00       0  ./297306 
19:44:14     1000      9685      0,00      0,00      0,00       0  ./297306 
19:44:15     1000      9685      0,00      0,00      0,00       0  ./297306 
19:44:16     1000      9685      0,00      0,00      0,00       0  ./297306 
19:44:17     1000      9685      0,00      0,00      0,00       0  ./297306 
19:44:18     1000      9685      0,00      0,00      0,00       0  ./297306 
19:44:19     1000      9685      0,00      0,00      0,00       0  ./297306 
19:44:20     1000      9685      0,00      0,00      0,00       0  ./297306 
19:44:21     1000      9685      0,00      0,00      0,00       0  ./297306 
19:44:22     1000      9685      0,00      0,00      0,00       0  ./297306 
19:44:23     1000      9685      0,00 182272,00      0,00       0  ./297306 
19:44:24     1000      9685      0,00      0,00      0,00       0  ./297306 
19:44:25     1000      9685      0,00      0,00      0,00       0  ./297306 
19:44:26     1000      9685      0,00  91136,00      0,00       0  ./297306 
19:44:27     1000      9685      0,00  91136,00      0,00       0  ./297306 
19:44:28     1000      9685      0,00  91136,00      0,00       0  ./297306 
19:44:29     1000      9685      0,00  91136,00      0,00       0  ./297306 
19:44:30     1000      9685      0,00      0,00      0,00       0  ./297306 
19:44:31     1000      9685      0,00      0,00      0,00       0  ./297306 
19:44:32     1000      9685      0,00      0,00      0,00       0  ./297306 
19:44:33     1000      9685      0,00      0,00      0,00       0  ./297306 
19:44:34     1000      9685      0,00      0,00      0,00       0  ./297306 
19:44:35     1000      9685      0,00      0,00      0,00       0  ./297306 
19:44:36     1000      9685      0,00      0,00      0,00       0  ./297306 
19:44:37     1000      9685      0,00      0,00      0,00       0  ./297306 
19:44:38     1000      9685      0,00      0,00      0,00       0  ./297306 
19:44:39     1000      9685      0,00      0,00      0,00       0  ./297306 
19:44:40     1000      9685      0,00      0,00      0,00       0  ./297306 
19:44:41     1000      9685      0,00      0,00      0,00       0  ./297306 
19:44:42     1000      9685      0,00      0,00      0,00       0  ./297306 
19:44:43     1000      9685      0,00      0,00      0,00       0  ./297306 
19:44:44     1000      9685      0,00 155172,00      0,00       0  ./297306 
19:44:45     1000      9685      0,00  27100,00      0,00       0  ./297306 
19:44:46     1000      9685      0,00      0,00      0,00       0  ./297306 
19:44:47     1000      9685      0,00      0,00      0,00       0  ./297306 
19:44:48     1000      9685      0,00 180467,33      0,00       0  ./297306 
19:44:49     1000      9685      0,00      0,00      0,00       0  ./297306 
19:44:50     1000      9685      0,00 182272,00      0,00       0  ./297306 
19:44:51     1000      9685      0,00      0,00      0,00       0  ./297306 
19:44:52     1000      9685      0,00      0,00      0,00       0  ./297306 
19:44:53     1000      9685      0,00      0,00      0,00       0  ./297306 
19:44:54     1000      9685      0,00      0,00      0,00       0  ./297306 
19:44:55     1000      9685      0,00      0,00      0,00       0  ./297306 
19:44:56     1000      9685      0,00      0,00      0,00       0  ./297306 
19:44:57     1000      9685      0,00      0,00      0,00       0  ./297306 
19:44:58     1000      9685      0,00      0,00      0,00       0  ./297306 
19:44:59     1000      9685      0,00      0,00      0,00       0  ./297306 
19:45:00     1000      9685      0,00      0,00      0,00       0  ./297306 
19:45:01     1000      9685      0,00      0,00      0,00       0  ./297306 
19:45:02     1000      9685      0,00      0,00      0,00       0  ./297306 
19:45:03     1000      9685      0,00      0,00      0,00       0  ./297306 
19:45:04     1000      9685      0,00      0,00      0,00       0  ./297306 
19:45:05     1000      9685      0,00  78184,00      0,00       0  ./297306 
19:45:06     1000      9685      0,00 104088,00      0,00       0  ./297306 
19:45:07     1000      9685      0,00      0,00      0,00       0  ./297306 
19:45:08     1000      9685      0,00      0,00      0,00       0  ./297306 
19:45:09     1000      9685      0,00  91136,00      0,00       0  ./297306 
19:45:10     1000      9685      0,00  91136,00      0,00       0  ./297306 
19:45:11     1000      9685      0,00  91136,00      0,00       0  ./297306 
19:45:12     1000      9685      0,00  91136,00      0,00       0  ./297306 
19:45:13     1000      9685      0,00      0,00      0,00       0  ./297306 
19:45:14     1000      9685      0,00      0,00      0,00       0  ./297306 
19:45:15     1000      9685      0,00      0,00      0,00       0  ./297306 
19:45:16     1000      9685      0,00      0,00      0,00       0  ./297306 

Среднее:  1000      9685      0,00  26222,41      0,00       0  ./297306 
